Pretrained
    learn rate 0.00010:
        weight decay 0.01000: {'train_loss': [2.0761, 1.9648, 1.8849, 1.8046, 1.6796, 1.6335, 1.5343, 1.453, 1.3966, 1.2846, 1.1884, 1.1506, 1.0858, 1.0365, 0.9572], 'train_accuracy': [0.3333, 0.4487, 0.6538, 0.7308, 0.8333, 0.8718, 0.8718, 0.9359, 0.9487, 0.9615, 0.9744, 1.0, 1.0, 0.9872, 0.9872], 'validation_loss': [1.9962, 1.9072, 1.8201, 1.7349, 1.6519, 1.5712, 1.4927, 1.417, 1.3441, 1.274, 1.2069, 1.1429, 1.0819, 1.0237, 0.9687], 'validation_accuracy': [0.4737, 0.5263, 0.6842, 0.7368, 0.7895, 0.8421, 0.9474, 1.0, 1.0, 1.0, 1.0, 1.0, 1.0, 1.0, 1.0]}
        weight decay 0.00250: {'train_loss': [2.1764, 2.0679, 2.0051, 1.9068, 1.8049, 1.6889, 1.6171, 1.5287, 1.4778, 1.3706, 1.3166, 1.217, 1.1509, 1.0833, 1.014], 'train_accuracy': [0.2308, 0.3974, 0.4615, 0.6154, 0.6538, 0.7949, 0.7821, 0.8718, 0.9103, 0.9872, 0.9872, 0.9872, 0.9872, 0.9872, 1.0], 'validation_loss': [2.1265, 2.0355, 1.9464, 1.8591, 1.7735, 1.69, 1.6085, 1.5294, 1.4527, 1.3788, 1.3078, 1.2397, 1.1745, 1.1125, 1.0536], 'validation_accuracy': [0.3158, 0.3684, 0.4737, 0.5789, 0.6842, 0.8421, 0.8421, 0.8947, 0.9474, 0.9474, 0.9474, 0.9474, 1.0, 1.0, 1.0]}
        weight decay 0.00500: {'train_loss': [2.5158, 2.4191, 2.3297, 2.21, 2.1404, 2.0386, 1.9634, 1.8431, 1.7587, 1.667, 1.5697, 1.5201, 1.4225, 1.3495, 1.2667], 'train_accuracy': [0.0256, 0.0513, 0.1026, 0.1282, 0.2051, 0.3077, 0.4103, 0.5256, 0.7051, 0.8205, 0.859, 0.9103, 0.9103, 0.9359, 0.9872], 'validation_loss': [2.3759, 2.2813, 2.1884, 2.097, 2.007, 1.9188, 1.8326, 1.7483, 1.6663, 1.5869, 1.51, 1.436, 1.3643, 1.2955, 1.2299], 'validation_accuracy': [0.0, 0.0, 0.2105, 0.3158, 0.3684, 0.4737, 0.5263, 0.5789, 0.7895, 0.9474, 1.0, 1.0, 1.0, 1.0, 1.0]}
    learn rate 0.00025:
        weight decay 0.01000: {'train_loss': [2.2722, 2.0453, 1.7963, 1.5777, 1.3714, 1.1835, 1.0183, 0.8373, 0.7114, 0.613, 0.5078, 0.4467, 0.4, 0.3317, 0.2815], 'train_accuracy': [0.1026, 0.2821, 0.5128, 0.7436, 0.9487, 0.9615, 1.0, 1.0, 1.0, 1.0, 1.0, 1.0, 1.0, 1.0, 1.0], 'validation_loss': [1.9914, 1.7704, 1.562, 1.3681, 1.1896, 1.0283, 0.8853, 0.7611, 0.6545, 0.5642, 0.4888, 0.426, 0.3739, 0.3309, 0.2954], 'validation_accuracy': [0.3158, 0.4211, 0.7368, 0.8947, 1.0, 1.0, 1.0, 1.0, 1.0, 1.0, 1.0, 1.0, 1.0, 1.0, 1.0]}
        weight decay 0.00250: {'train_loss': [1.9903, 1.7428, 1.5073, 1.3143, 1.1273, 0.9555, 0.8165, 0.6829, 0.5791, 0.4934, 0.4135, 0.3559, 0.3155, 0.2705, 0.2418], 'train_accuracy': [0.4103, 0.6923, 0.8974, 1.0, 1.0, 1.0, 1.0, 1.0, 1.0, 1.0, 1.0, 1.0, 1.0, 1.0, 1.0], 'validation_loss': [1.7729, 1.5623, 1.3657, 1.1851, 1.0227, 0.8791, 0.7545, 0.6481, 0.558, 0.483, 0.4213, 0.3703, 0.3281, 0.293, 0.2638], 'validation_accuracy': [0.5789, 0.8421, 0.9474, 1.0, 1.0, 1.0, 1.0, 1.0, 1.0, 1.0, 1.0, 1.0, 1.0, 1.0, 1.0]}
        weight decay 0.00500: {'train_loss': [2.5204, 2.3004, 2.0246, 1.7831, 1.5775, 1.3807, 1.1831, 1.0088, 0.8578, 0.7389, 0.6273, 0.5436, 0.4559, 0.3948, 0.3485], 'train_accuracy': [0.0128, 0.1538, 0.3462, 0.6667, 0.859, 0.9359, 0.9744, 0.9872, 1.0, 1.0, 1.0, 1.0, 1.0, 1.0, 1.0], 'validation_loss': [2.2852, 2.0535, 1.8309, 1.6197, 1.4227, 1.2414, 1.0775, 0.9319, 0.8041, 0.6941, 0.6009, 0.5227, 0.4569, 0.4022, 0.3568], 'validation_accuracy': [0.0526, 0.1579, 0.6842, 0.7895, 0.8421, 0.9474, 1.0, 1.0, 1.0, 1.0, 1.0, 1.0, 1.0, 1.0, 1.0]}
    learn rate 0.00050:
        weight decay 0.01000: {'train_loss': [2.2746, 1.7888, 1.3591, 0.9776, 0.7101, 0.5076, 0.3561, 0.265, 0.188, 0.1484, 0.1157, 0.0965, 0.0795, 0.0685, 0.0621], 'train_accuracy': [0.1346, 0.6923, 0.968, 1.0, 1.0, 1.0, 1.0, 1.0, 1.0, 1.0, 1.0, 1.0, 1.0, 1.0, 1.0], 'validation_loss': [1.9641, 1.535, 1.1622, 0.858, 0.6264, 0.4591, 0.342, 0.2615, 0.2058, 0.1668, 0.139, 0.1187, 0.1037, 0.092, 0.083], 'validation_accuracy': [0.4737, 0.9211, 0.9737, 1.0, 1.0, 1.0, 1.0, 1.0, 1.0, 1.0, 1.0, 1.0, 1.0, 1.0, 1.0]} (mean of 2 iterations)
        weight decay 0.00250: {'train_loss': [1.7872, 1.3342, 0.9643, 0.6932, 0.4791, 0.3589, 0.2464, 0.1797, 0.137, 0.1138, 0.0851, 0.078, 0.0665, 0.0555, 0.0459], 'train_accuracy': [0.6538, 0.9744, 1.0, 1.0, 1.0, 1.0, 1.0, 1.0, 1.0, 1.0, 1.0, 1.0, 1.0, 1.0, 1.0], 'validation_loss': [1.4323, 1.0746, 0.7872, 0.5702, 0.4159, 0.3085, 0.2351, 0.1846, 0.1492, 0.124, 0.1057, 0.0921, 0.0817, 0.0736, 0.0672], 'validation_accuracy': [1.0, 1.0, 1.0, 1.0, 1.0, 1.0, 1.0, 1.0, 1.0, 1.0, 1.0, 1.0, 1.0, 1.0, 1.0]}
        weight decay 0.00500: {'train_loss': [2.1593, 1.6702, 1.2786, 0.9199, 0.6502, 0.4656, 0.3308, 0.2514, 0.1832, 0.1447, 0.1177, 0.1003, 0.0815, 0.0654, 0.0648], 'train_accuracy': [0.2436, 0.7436, 0.968, 1.0, 1.0, 1.0, 1.0, 1.0, 1.0, 1.0, 1.0, 1.0, 1.0, 1.0, 1.0], 'validation_loss': [1.812, 1.3967, 1.0437, 0.7618, 0.5514, 0.403, 0.3004, 0.2304, 0.1824, 0.1485, 0.124, 0.1062, 0.0929, 0.0827, 0.0748], 'validation_accuracy': [0.6842, 0.9737, 1.0, 1.0, 1.0, 1.0, 1.0, 1.0, 1.0, 1.0, 1.0, 1.0, 1.0, 1.0, 1.0]} (mean of 2 iterations)
        weight decay 0.00050: {'train_loss': [2.3596, 1.8488, 1.4301, 1.0616, 0.7348, 0.5366, 0.374, 0.2722, 0.2034, 0.1553, 0.1262, 0.0967, 0.0875, 0.0758, 0.0657], 'train_accuracy': [0.1026, 0.5897, 0.9744, 0.9872, 1.0, 1.0, 1.0, 1.0, 1.0, 1.0, 1.0, 1.0, 1.0, 1.0, 1.0], 'validation_loss': [1.9818, 1.5412, 1.1582, 0.8458, 0.609, 0.4391, 0.3222, 0.2429, 0.1887, 0.1513, 0.1249, 0.1061, 0.0921, 0.0815, 0.0732], 'validation_accuracy': [0.5263, 0.7895, 1.0, 1.0, 1.0, 1.0, 1.0, 1.0, 1.0, 1.0, 1.0, 1.0, 1.0, 1.0, 1.0]}
        weight decay 0.00005: {'train_loss': [2.1528, 1.6408, 1.2425, 0.9119, 0.6378, 0.4534, 0.3252, 0.2361, 0.1788, 0.1414, 0.1025, 0.0935, 0.0768, 0.0647, 0.0611], 'train_accuracy': [0.1667, 0.7436, 0.9744, 1.0, 1.0, 1.0, 1.0, 1.0, 1.0, 1.0, 1.0, 1.0, 1.0, 1.0, 1.0], 'validation_loss': [1.743, 1.3286, 0.9816, 0.7089, 0.5071, 0.3656, 0.2689, 0.2033, 0.1589, 0.1279, 0.106, 0.0901, 0.0783, 0.0693, 0.0623], 'validation_accuracy': [0.6316, 1.0, 1.0, 1.0, 1.0, 1.0, 1.0, 1.0, 1.0, 1.0, 1.0, 1.0, 1.0, 1.0, 1.0]}


Scratch
    learn rate 0.00005:
        weight decay 0.01000: {'train_loss': [1.2642, 0.5672, 0.4651, 0.4212, 0.4147, 0.4133, 0.3954, 0.3691, 0.3424, 0.3199, 0.2978, 0.2732, 0.2514, 0.2389, 0.2141], 'train_accuracy': [0.8333, 0.8974, 0.9359, 0.9487, 0.9359, 0.9359, 0.9359, 0.9359, 0.9487, 0.9487, 0.9487, 0.9487, 0.9615, 0.9744, 0.9744], 'validation_loss': [1.0935, 1.1402, 1.0791, 1.0187, 0.9936, 0.9718, 0.9275, 0.8739, 0.8175, 0.757, 0.701, 0.6368, 0.5789, 0.5236, 0.4921], 'validation_accuracy': [0.7895, 0.7895, 0.8421, 0.8947, 0.8947, 0.8947, 0.8947, 0.8947, 0.8947, 0.8947, 0.8947, 0.8947, 0.9474, 0.9474, 0.9474]}
        weight decay 0.00500: {'train_loss': [1.9194, 0.6397, 0.5543, 0.4734, 0.4252, 0.4198, 0.4289, 0.4042, 0.378, 0.3462, 0.3212, 0.2922, 0.2806, 0.2568, 0.2403], 'train_accuracy': [0.5128, 0.8846, 0.9103, 0.9359, 0.9487, 0.9359, 0.9231, 0.9359, 0.9359, 0.9359, 0.9487, 0.9487, 0.9487, 0.9487, 0.9744], 'validation_loss': [0.965, 1.0872, 1.1057, 1.0618, 1.0275, 0.9994, 0.9692, 0.9367, 0.8848, 0.8226, 0.7517, 0.6904, 0.6412, 0.6006, 0.5443], 'validation_accuracy': [0.7895, 0.7895, 0.8421, 0.8421, 0.8947, 0.8947, 0.8947, 0.8947, 0.8947, 0.8947, 0.8947, 0.8947, 0.9474, 0.9474, 0.9474]}
        weight decay 0.00050: {'train_loss': [1.4519, 0.658, 0.5214, 0.4207, 0.4314, 0.4176, 0.3855, 0.346, 0.3114, 0.304, 0.283, 0.2583, 0.2362, 0.2108, 0.1942], 'train_accuracy': [0.5256, 0.8718, 0.9231, 0.9487, 0.9359, 0.9231, 0.9231, 0.9359, 0.9487, 0.9487, 0.9615, 0.9615, 0.9615, 0.9744, 0.9744], 'validation_loss': [0.9664, 1.0369, 1.007, 0.9747, 0.9372, 0.8967, 0.8333, 0.7588, 0.7015, 0.6606, 0.6048, 0.5651, 0.5375, 0.5311, 0.5065], 'validation_accuracy': [0.7895, 0.7895, 0.8421, 0.8947, 0.8947, 0.8947, 0.8947, 0.8947, 0.8947, 0.9474, 0.9474, 0.9474, 0.9474, 0.9474, 0.9474]}
        weight decay 0.00005: {'train_loss': [1.904, 0.7046, 0.6384, 0.5618, 0.4711, 0.4409, 0.4127, 0.3987, 0.3949, 0.3707, 0.3348, 0.3028, 0.2947, 0.2716, 0.2508], 'train_accuracy': [0.5, 0.859, 0.8846, 0.9231, 0.9487, 0.9359, 0.9359, 0.9359, 0.9359, 0.9359, 0.9359, 0.9487, 0.9487, 0.9487, 0.9744], 'validation_loss': [0.9987, 1.1593, 1.1902, 1.1527, 1.0788, 1.0058, 0.9585, 0.9096, 0.8527, 0.7966, 0.737, 0.6869, 0.6518, 0.61, 0.5749], 'validation_accuracy': [0.7895, 0.7895, 0.7895, 0.8421, 0.8421, 0.8947, 0.8947, 0.8947, 0.8947, 0.8947, 0.8947, 0.8947, 0.8947, 0.9474, 0.9474]}
    learn rate 0.00008:
        weight decay 0.01000: {'train_loss': [2.0442, 0.6095, 0.4727, 0.4338, 0.4184, 0.3939, 0.3546, 0.3204, 0.2868, 0.2561, 0.2287, 0.2011, 0.1796, 0.157, 0.1372], 'train_accuracy': [0.4744, 0.8974, 0.9359, 0.9359, 0.9359, 0.9359, 0.9487, 0.9487, 0.9487, 0.9615, 0.9615, 0.9744, 0.9744, 0.9744, 0.9744], 'validation_loss': [0.9617, 1.1041, 1.0577, 1.0044, 0.9605, 0.9137, 0.8338, 0.7378, 0.639, 0.5627, 0.4938, 0.4563, 0.4358, 0.4217, 0.3906], 'validation_accuracy': [0.7895, 0.7895, 0.8421, 0.8947, 0.8947, 0.8947, 0.8947, 0.8947, 0.8947, 0.9474, 0.9474, 0.9474, 0.9474, 0.9474, 0.9474]}
        weight decay 0.00500: {'train_loss': [1.443, 0.6118, 0.463, 0.444, 0.433, 0.4053, 0.3566, 0.3226, 0.2813, 0.247, 0.2231, 0.1926, 0.1607, 0.1372, 0.1295], 'train_accuracy': [0.5, 0.8974, 0.9487, 0.9359, 0.9359, 0.9359, 0.9359, 0.9487, 0.9487, 0.9615, 0.9744, 0.9744, 0.9744, 0.9744, 0.9744], 'validation_loss': [1.1317, 1.0652, 0.9925, 0.9671, 0.9209, 0.8419, 0.747, 0.6541, 0.5717, 0.4771, 0.4228, 0.4109, 0.4223, 0.4318, 0.4139], 'validation_accuracy': [0.7895, 0.8421, 0.8947, 0.8947, 0.8947, 0.8947, 0.8947, 0.8947, 0.9474, 0.9474, 0.9474, 0.9474, 0.9474, 0.9474, 0.9474]}
        weight decay 0.00050: {'train_loss': [1.4798, 0.4809, 0.4338, 0.4346, 0.4443, 0.4193, 0.3943, 0.3412, 0.2905, 0.2618, 0.2301, 0.206, 0.1706, 0.1529, 0.1488], 'train_accuracy': [0.5128, 0.9359, 0.9487, 0.9359, 0.9359, 0.9231, 0.9231, 0.9487, 0.9615, 0.9615, 0.9744, 0.9744, 0.9744, 0.9744, 0.9872], 'validation_loss': [0.9723, 1.008, 1.0313, 1.0557, 1.0272, 0.9753, 0.8966, 0.7788, 0.6555, 0.575, 0.5239, 0.4845, 0.4484, 0.4171, 0.3985], 'validation_accuracy': [0.7895, 0.8421, 0.8947, 0.8947, 0.8947, 0.8947, 0.8947, 0.8947, 0.8947, 0.9474, 0.9474, 0.9474, 0.9474, 0.9474, 0.9474]}
        weight decay 0.00005: {'train_loss': [1.2731, 0.6016, 0.4736, 0.4406, 0.4309, 0.3993, 0.367, 0.3393, 0.3004, 0.2462, 0.2239, 0.2106, 0.1828, 0.1512, 0.124], 'train_accuracy': [0.5513, 0.8846, 0.9487, 0.9231, 0.9231, 0.9231, 0.9487, 0.9487, 0.9615, 0.9615, 0.9615, 0.9744, 0.9744, 0.9872, 0.9872], 'validation_loss': [1.0802, 1.0655, 1.0052, 0.9887, 0.9673, 0.9187, 0.8414, 0.725, 0.6122, 0.5159, 0.4616, 0.4531, 0.4381, 0.3974, 0.3904], 'validation_accuracy': [0.7895, 0.8421, 0.8947, 0.8947, 0.8947, 0.8947, 0.8947, 0.8947, 0.9474, 0.9474, 0.9474, 0.9474, 0.9474, 0.9474, 0.9474]}
    learn rate 0.00010:
        weight decay 0.01000: {'train_loss': [1.3971, 0.4676, 0.4559, 0.4111, 0.4032, 0.377, 0.3284, 0.2739, 0.2586, 0.2349, 0.198, 0.1628, 0.1343, 0.1188, 0.0899], 'train_accuracy': [0.4872, 0.9487, 0.9487, 0.9359, 0.9231, 0.9359, 0.9487, 0.9615, 0.9615, 0.9744, 0.9744, 0.9744, 0.9744, 0.9872, 0.9872], 'validation_loss': [1.0563, 0.9941, 0.9163, 0.873, 0.778, 0.6619, 0.5566, 0.5536, 0.5723, 0.5233, 0.4663, 0.4261, 0.3855, 0.3432, 0.3118], 'validation_accuracy': [0.7895, 0.8947, 0.8947, 0.8947, 0.8947, 0.8947, 0.9474, 0.9474, 0.9474, 0.9474, 0.9474, 0.9474, 0.9474, 0.9474, 0.9474]}
        weight decay 0.00500: {'train_loss': [1.5364, 0.6157, 0.5292, 0.4781, 0.4643, 0.4192, 0.3763, 0.3125, 0.2487, 0.2328, 0.1824, 0.1747, 0.1637, 0.1231, 0.1051], 'train_accuracy': [0.5641, 0.8974, 0.9359, 0.9359, 0.9359, 0.9231, 0.9231, 0.9359, 0.9615, 0.9744, 0.9744, 0.9744, 0.9744, 0.9872, 0.9872], 'validation_loss': [1.2674, 1.3594, 1.2335, 1.1425, 1.0617, 0.9433, 0.7491, 0.6022, 0.5551, 0.4897, 0.3997, 0.3583, 0.3678, 0.4178, 0.3872], 'validation_accuracy': [0.7895, 0.8421, 0.8947, 0.8947, 0.8947, 0.8947, 0.8947, 0.9474, 0.9474, 0.9474, 0.9474, 0.9474, 0.9474, 0.9474, 0.9474]}
        weight decay 0.00050: {'train_loss': [1.611, 0.5187, 0.4803, 0.4959, 0.4423, 0.3985, 0.3715, 0.2966, 0.247, 0.2258, 0.2002, 0.1678, 0.1391, 0.1148, 0.0803], 'train_accuracy': [0.5256, 0.9103, 0.9359, 0.9359, 0.9231, 0.9359, 0.9359, 0.9487, 0.9615, 0.9615, 0.9744, 0.9872, 0.9872, 0.9872, 0.9872], 'validation_loss': [1.0153, 1.1123, 1.0994, 1.0762, 1.027, 0.9331, 0.8006, 0.6663, 0.5642, 0.4849, 0.4153, 0.4, 0.3799, 0.3633, 0.3572], 'validation_accuracy': [0.7895, 0.8421, 0.8947, 0.8947, 0.8947, 0.8947, 0.8947, 0.8947, 0.9474, 0.9474, 0.9474, 0.9474, 0.9474, 0.9474, 0.9474]}
        weight decay 0.00005: {'train_loss': [1.2851, 0.5319, 0.4415, 0.404, 0.3779, 0.3442, 0.2911, 0.2573, 0.2147, 0.1786, 0.1516, 0.123, 0.1252, 0.0977, 0.0647], 'train_accuracy': [0.5641, 0.9103, 0.9487, 0.9359, 0.9231, 0.9359, 0.9487, 0.9615, 0.9744, 0.9744, 0.9744, 0.9872, 0.9872, 0.9872, 0.9872], 'validation_loss': [1.114, 1.0253, 0.9189, 0.8342, 0.6944, 0.5579, 0.5085, 0.5127, 0.4985, 0.4833, 0.4517, 0.3799, 0.3241, 0.3268, 0.3046], 'validation_accuracy': [0.7895, 0.8421, 0.8947, 0.8947, 0.8947, 0.9474, 0.9474, 0.9474, 0.9474, 0.9474, 0.9474, 0.9474, 0.9474, 0.9474, 0.9474]}
    learn rate 0.00020:
        weight decay 0.01000: {'train_loss': [1.6267, 0.4795, 0.4907, 0.4967, 0.3609, 0.24, 0.2443, 0.1926, 0.1131, 0.0862, 0.0721, 0.0369, 0.0133, 0.0064, 0.0007], 'train_accuracy': [0.4872, 0.9359, 0.9231, 0.9103, 0.9359, 0.9615, 0.9744, 0.9744, 0.9872, 0.9872, 0.9872, 1.0, 1.0, 1.0, 1.0], 'validation_loss': [1.1199, 1.1513, 1.1453, 0.9793, 0.6607, 0.5256, 0.5298, 0.3937, 0.3129, 0.2226, 0.1538, 0.1398, 0.09, 0.0137, 0.0015], 'validation_accuracy': [0.7895, 0.8947, 0.8947, 0.8947, 0.8947, 0.9474, 0.9474, 0.9474, 0.9474, 0.9474, 0.9474, 0.9474, 1.0, 1.0, 1.0]}
        weight decay 0.00500: {'train_loss': [1.5344, 0.5039, 0.4925, 0.3938, 0.3568, 0.381, 0.2111, 0.1477, 0.1578, 0.1186, 0.0721, 0.0546, 0.0358, 0.0096, 0.0018], 'train_accuracy': [0.5, 0.9359, 0.9231, 0.9231, 0.9487, 0.9231, 0.9744, 0.9872, 0.9615, 0.9872, 0.9872, 0.9872, 0.9872, 1.0, 1.0], 'validation_loss': [1.2922, 1.0619, 0.9025, 0.6191, 0.7811, 0.6382, 0.4427, 0.3456, 0.315, 0.3418, 0.3307, 0.2374, 0.0972, 0.0137, 0.0022], 'validation_accuracy': [0.7895, 0.8947, 0.8947, 0.9474, 0.8947, 0.8947, 0.9474, 0.9474, 0.9474, 0.9474, 0.9474, 0.9474, 0.9474, 1.0, 1.0]}
        weight decay 0.00050: {'train_loss': [1.1857, 0.5647, 0.5991, 0.4839, 0.3991, 0.3246, 0.2249, 0.1665, 0.1441, 0.0858, 0.0651, 0.0248, 0.0144, 0.0044, 0.0003], 'train_accuracy': [0.5256, 0.9359, 0.8974, 0.9231, 0.9359, 0.9487, 0.9744, 0.9744, 0.9872, 0.9872, 0.9872, 1.0, 1.0, 1.0, 1.0], 'validation_loss': [1.3259, 1.2196, 1.2175, 1.1047, 0.846, 0.6213, 0.4426, 0.3136, 0.2756, 0.1922, 0.1442, 0.085, 0.0139, 0.0015, 0.0003], 'validation_accuracy': [0.7895, 0.8947, 0.8947, 0.8947, 0.8947, 0.9474, 0.9474, 0.9474, 0.9474, 0.9474, 0.9474, 1.0, 1.0, 1.0, 1.0]}
        weight decay 0.00005: {'train_loss': [1.4666, 0.4736, 0.5216, 0.4357, 0.3238, 0.3305, 0.177, 0.1608, 0.121, 0.0569, 0.0588, 0.0384, 0.0136, 0.0008, 0.0003], 'train_accuracy': [0.5, 0.9359, 0.9231, 0.9231, 0.9359, 0.9487, 0.9744, 0.9744, 0.9744, 0.9872, 0.9872, 0.9872, 1.0, 1.0, 1.0], 'validation_loss': [1.178, 1.2086, 1.0705, 0.7463, 0.6195, 0.5398, 0.3884, 0.3067, 0.316, 0.3401, 0.2743, 0.1549, 0.0193, 0.0015, 0.0003], 'validation_accuracy': [0.8421, 0.8947, 0.8947, 0.8947, 0.9474, 0.9474, 0.9474, 0.9474, 0.9474, 0.9474, 0.9474, 0.9474, 1.0, 1.0, 1.0]}
    learn rate 0.00025: 
        weight decay 0.01000: {'train_loss': [1.1737, 0.5823, 0.593, 0.4725, 0.3184, 0.3236, 0.2213, 0.1803, 0.0959, 0.1017, 0.0796, 0.0129, 0.0023, 0.0044, 0.003], 'train_accuracy': [0.5769, 0.9487, 0.9231, 0.9231, 0.9615, 0.9359, 0.9744, 0.9615, 0.9872, 0.9872, 0.9872, 1.0, 1.0, 1.0, 1.0], 'validation_loss': [1.5717, 1.3588, 1.1545, 0.5646, 0.6477, 0.3517, 0.3327, 0.4463, 0.4973, 0.4708, 0.3241, 0.1293, 0.0069, 0.0008, 0.0003], 'validation_accuracy': [0.8421, 0.8947, 0.8947, 0.9474, 0.8947, 0.9474, 0.9474, 0.9474, 0.9474, 0.9474, 0.9474, 0.9474, 1.0, 1.0, 1.0]}
        weight decay 0.00500: {'train_loss': [1.2732, 0.5665, 0.5832, 0.4371, 0.3167, 0.1905, 0.165, 0.104, 0.1083, 0.0681, 0.0309, 0.0011, 0.0016, 0.002, 0.0027], 'train_accuracy': [0.5385, 0.9359, 0.8974, 0.9231, 0.9487, 0.9744, 0.9744, 0.9872, 0.9872, 0.9872, 0.9872, 1.0, 1.0, 1.0, 1.0], 'validation_loss': [1.3962, 1.3095, 1.2449, 1.0119, 0.6028, 0.3264, 0.2699, 0.3814, 0.3462, 0.1704, 0.0056, 0.0007, 0.0005, 0.0005, 0.0003], 'validation_accuracy': [0.7895, 0.8947, 0.8947, 0.8947, 0.9474, 0.9474, 0.9474, 0.9474, 0.9474, 0.9474, 1.0, 1.0, 1.0, 1.0, 1.0]}
        weight decay 0.00050: {'train_loss': [1.5073, 0.5405, 0.4518, 0.3469, 0.2132, 0.1645, 0.1196, 0.0701, 0.0403, 0.0237, 0.0009, 0.0015, 0.0002, 0.0002, 0.0001], 'train_accuracy': [0.5128, 0.9231, 0.9231, 0.9231, 0.9615, 0.9744, 0.9872, 0.9872, 0.9872, 1.0, 1.0, 1.0, 1.0, 1.0, 1.0], 'validation_loss': [1.2095, 1.0219, 0.9157, 0.7184, 0.4904, 0.312, 0.2008, 0.2002, 0.1375, 0.0057, 0.0003, 0.0001, 0.0, 0.0, 0.0], 'validation_accuracy': [0.8421, 0.8947, 0.8947, 0.8947, 0.9474, 0.9474, 0.9474, 0.9474, 0.9474, 1.0, 1.0, 1.0, 1.0, 1.0, 1.0]}
        weight decay 0.00005: {'train_loss': [1.3438, 0.6425, 0.551, 0.5772, 0.4334, 0.2131, 0.1579, 0.1774, 0.1363, 0.0506, 0.036, 0.0161, 0.004, 0.0023, 0.0002], 'train_accuracy': [0.5513, 0.9231, 0.9359, 0.8846, 0.9359, 0.9615, 0.9744, 0.9744, 0.9744, 0.9872, 0.9872, 1.0, 1.0, 1.0, 1.0], 'validation_loss': [1.7391, 1.4361, 1.2916, 1.1554, 0.8496, 0.4824, 0.4113, 0.3497, 0.2432, 0.1459, 0.0199, 0.0032, 0.0007, 0.0002, 0.0001], 'validation_accuracy': [0.7895, 0.8421, 0.8947, 0.8947, 0.8947, 0.9474, 0.9474, 0.9474, 0.9474, 0.9474, 1.0, 1.0, 1.0, 1.0, 1.0]}
    learn rate 0.00050:
        weight decay 0.01000: {'train_loss': [1.2659, 1.1294, 0.6579, 0.6385, 0.4764, 0.367, 0.2169, 0.1074, 0.0451, 0.0176, 0.0188, 0.0103, 0.0037, 0.0016, 0.0007], 'train_accuracy': [0.859, 0.8077, 0.9487, 0.9359, 0.9615, 0.9615, 0.9744, 0.9872, 0.9872, 1.0, 1.0, 1.0, 1.0, 1.0, 1.0], 'validation_loss': [1.3211, 1.3165, 1.7115, 1.5616, 1.1541, 0.6109, 0.3358, 0.1111, 0.0186, 0.0175, 0.0107, 0.0041, 0.0016, 0.0007, 0.0004], 'validation_accuracy': [0.8947, 0.8947, 0.8421, 0.8421, 0.8421, 0.9474, 0.9474, 0.9474, 1.0, 1.0, 1.0, 1.0, 1.0, 1.0, 1.0]}
        weight decay 0.00500: {'train_loss': [1.2486, 1.1643, 0.5486, 0.8043, 0.5146, 0.4441, 0.3018, 0.1738, 0.0393, 0.0122, 0.0126, 0.0131, 0.0086, 0.0043, 0.0026], 'train_accuracy': [0.7308, 0.7949, 0.9487, 0.9231, 0.9615, 0.9615, 0.9615, 0.9744, 0.9872, 1.0, 1.0, 1.0, 1.0, 1.0, 1.0], 'validation_loss': [1.1971, 1.2089, 2.0503, 2.1293, 1.5856, 1.1209, 0.7136, 0.2843, 0.0744, 0.0148, 0.0088, 0.0062, 0.0038, 0.0023, 0.0015], 'validation_accuracy': [0.8947, 0.8947, 0.7895, 0.7895, 0.8421, 0.8947, 0.8947, 0.9474, 1.0, 1.0, 1.0, 1.0, 1.0, 1.0, 1.0]}
        weight decay 0.00050: {'train_loss': [1.4944, 0.5516, 0.3538, 0.2373, 0.1621, 0.0764, 0.0123, 0.0008, 0.0004, 0.0003, 0.0002, 0.0002, 0.0001, 0.0001, 0.0001], 'train_accuracy': [0.5128, 0.9359, 0.9615, 0.9744, 0.9615, 0.9744, 1.0, 1.0, 1.0, 1.0, 1.0, 1.0, 1.0, 1.0, 1.0], 'validation_loss': [1.1051, 0.6182, 0.6263, 0.5058, 0.2062, 0.0705, 0.0015, 0.0004, 0.0002, 0.0002, 0.0001, 0.0001, 0.0001, 0.0001, 0.0001], 'validation_accuracy': [0.8947, 0.9474, 0.9474, 0.9474, 0.9474, 1.0, 1.0, 1.0, 1.0, 1.0, 1.0, 1.0, 1.0, 1.0, 1.0]}
        weight decay 0.00005: {'train_loss': [1.8586, 0.3991, 1.0268, 0.716, 0.5073, 0.4488, 0.3389, 0.1644, 0.0722, 0.0137, 0.0032, 0.0048, 0.0066, 0.0041, 0.002], 'train_accuracy': [0.5385, 0.9359, 0.8077, 0.9231, 0.9615, 0.9615, 0.9615, 0.9744, 0.9872, 1.0, 1.0, 1.0, 1.0, 1.0, 1.0], 'validation_loss': [1.0513, 1.5842, 1.0897, 1.3705, 1.2198, 1.0682, 0.6796, 0.3853, 0.0911, 0.0039, 0.0022, 0.0026, 0.0023, 0.0016, 0.0011], 'validation_accuracy': [0.8947, 0.6316, 0.8947, 0.8421, 0.8947, 0.8947, 0.8947, 0.9474, 1.0, 1.0, 1.0, 1.0, 1.0, 1.0, 1.0]}


    _5e_5__1e_2 = {'train_loss': [1.2642, 0.5672, 0.4651, 0.4212, 0.4147, 0.4133, 0.3954, 0.3691, 0.3424, 0.3199, 0.2978, 0.2732, 0.2514, 0.2389, 0.2141], 'train_accuracy': [0.8333, 0.8974, 0.9359, 0.9487, 0.9359, 0.9359, 0.9359, 0.9359, 0.9487, 0.9487, 0.9487, 0.9487, 0.9615, 0.9744, 0.9744], 'validation_loss': [1.0935, 1.1402, 1.0791, 1.0187, 0.9936, 0.9718, 0.9275, 0.8739, 0.8175, 0.757, 0.701, 0.6368, 0.5789, 0.5236, 0.4921], 'validation_accuracy': [0.7895, 0.7895, 0.8421, 0.8947, 0.8947, 0.8947, 0.8947, 0.8947, 0.8947, 0.8947, 0.8947, 0.8947, 0.9474, 0.9474, 0.9474]}
    _5e_5__5e_3 = {'train_loss': [1.9194, 0.6397, 0.5543, 0.4734, 0.4252, 0.4198, 0.4289, 0.4042, 0.378, 0.3462, 0.3212, 0.2922, 0.2806, 0.2568, 0.2403], 'train_accuracy': [0.5128, 0.8846, 0.9103, 0.9359, 0.9487, 0.9359, 0.9231, 0.9359, 0.9359, 0.9359, 0.9487, 0.9487, 0.9487, 0.9487, 0.9744], 'validation_loss': [0.965, 1.0872, 1.1057, 1.0618, 1.0275, 0.9994, 0.9692, 0.9367, 0.8848, 0.8226, 0.7517, 0.6904, 0.6412, 0.6006, 0.5443], 'validation_accuracy': [0.7895, 0.7895, 0.8421, 0.8421, 0.8947, 0.8947, 0.8947, 0.8947, 0.8947, 0.8947, 0.8947, 0.8947, 0.9474, 0.9474, 0.9474]}
    _5e_5__5e_4 = {'train_loss': [1.4519, 0.658, 0.5214, 0.4207, 0.4314, 0.4176, 0.3855, 0.346, 0.3114, 0.304, 0.283, 0.2583, 0.2362, 0.2108, 0.1942], 'train_accuracy': [0.5256, 0.8718, 0.9231, 0.9487, 0.9359, 0.9231, 0.9231, 0.9359, 0.9487, 0.9487, 0.9615, 0.9615, 0.9615, 0.9744, 0.9744], 'validation_loss': [0.9664, 1.0369, 1.007, 0.9747, 0.9372, 0.8967, 0.8333, 0.7588, 0.7015, 0.6606, 0.6048, 0.5651, 0.5375, 0.5311, 0.5065], 'validation_accuracy': [0.7895, 0.7895, 0.8421, 0.8947, 0.8947, 0.8947, 0.8947, 0.8947, 0.8947, 0.9474, 0.9474, 0.9474, 0.9474, 0.9474, 0.9474]}
    _5e_5__5e_5 = {'train_loss': [1.904, 0.7046, 0.6384, 0.5618, 0.4711, 0.4409, 0.4127, 0.3987, 0.3949, 0.3707, 0.3348, 0.3028, 0.2947, 0.2716, 0.2508], 'train_accuracy': [0.5, 0.859, 0.8846, 0.9231, 0.9487, 0.9359, 0.9359, 0.9359, 0.9359, 0.9359, 0.9359, 0.9487, 0.9487, 0.9487, 0.9744], 'validation_loss': [0.9987, 1.1593, 1.1902, 1.1527, 1.0788, 1.0058, 0.9585, 0.9096, 0.8527, 0.7966, 0.737, 0.6869, 0.6518, 0.61, 0.5749], 'validation_accuracy': [0.7895, 0.7895, 0.7895, 0.8421, 0.8421, 0.8947, 0.8947, 0.8947, 0.8947, 0.8947, 0.8947, 0.8947, 0.8947, 0.9474, 0.9474]}

    _8e_5__1e_2 = {'train_loss': [2.0442, 0.6095, 0.4727, 0.4338, 0.4184, 0.3939, 0.3546, 0.3204, 0.2868, 0.2561, 0.2287, 0.2011, 0.1796, 0.157, 0.1372], 'train_accuracy': [0.4744, 0.8974, 0.9359, 0.9359, 0.9359, 0.9359, 0.9487, 0.9487, 0.9487, 0.9615, 0.9615, 0.9744, 0.9744, 0.9744, 0.9744], 'validation_loss': [0.9617, 1.1041, 1.0577, 1.0044, 0.9605, 0.9137, 0.8338, 0.7378, 0.639, 0.5627, 0.4938, 0.4563, 0.4358, 0.4217, 0.3906], 'validation_accuracy': [0.7895, 0.7895, 0.8421, 0.8947, 0.8947, 0.8947, 0.8947, 0.8947, 0.8947, 0.9474, 0.9474, 0.9474, 0.9474, 0.9474, 0.9474]}
    _8e_5__5e_3 = {'train_loss': [1.443, 0.6118, 0.463, 0.444, 0.433, 0.4053, 0.3566, 0.3226, 0.2813, 0.247, 0.2231, 0.1926, 0.1607, 0.1372, 0.1295], 'train_accuracy': [0.5, 0.8974, 0.9487, 0.9359, 0.9359, 0.9359, 0.9359, 0.9487, 0.9487, 0.9615, 0.9744, 0.9744, 0.9744, 0.9744, 0.9744], 'validation_loss': [1.1317, 1.0652, 0.9925, 0.9671, 0.9209, 0.8419, 0.747, 0.6541, 0.5717, 0.4771, 0.4228, 0.4109, 0.4223, 0.4318, 0.4139], 'validation_accuracy': [0.7895, 0.8421, 0.8947, 0.8947, 0.8947, 0.8947, 0.8947, 0.8947, 0.9474, 0.9474, 0.9474, 0.9474, 0.9474, 0.9474, 0.9474]}
    _8e_5__5e_4 = {'train_loss': [1.4798, 0.4809, 0.4338, 0.4346, 0.4443, 0.4193, 0.3943, 0.3412, 0.2905, 0.2618, 0.2301, 0.206, 0.1706, 0.1529, 0.1488], 'train_accuracy': [0.5128, 0.9359, 0.9487, 0.9359, 0.9359, 0.9231, 0.9231, 0.9487, 0.9615, 0.9615, 0.9744, 0.9744, 0.9744, 0.9744, 0.9872], 'validation_loss': [0.9723, 1.008, 1.0313, 1.0557, 1.0272, 0.9753, 0.8966, 0.7788, 0.6555, 0.575, 0.5239, 0.4845, 0.4484, 0.4171, 0.3985], 'validation_accuracy': [0.7895, 0.8421, 0.8947, 0.8947, 0.8947, 0.8947, 0.8947, 0.8947, 0.8947, 0.9474, 0.9474, 0.9474, 0.9474, 0.9474, 0.9474]}
    _8e_5__5e_5 = {'train_loss': [1.2731, 0.6016, 0.4736, 0.4406, 0.4309, 0.3993, 0.367, 0.3393, 0.3004, 0.2462, 0.2239, 0.2106, 0.1828, 0.1512, 0.124], 'train_accuracy': [0.5513, 0.8846, 0.9487, 0.9231, 0.9231, 0.9231, 0.9487, 0.9487, 0.9615, 0.9615, 0.9615, 0.9744, 0.9744, 0.9872, 0.9872], 'validation_loss': [1.0802, 1.0655, 1.0052, 0.9887, 0.9673, 0.9187, 0.8414, 0.725, 0.6122, 0.5159, 0.4616, 0.4531, 0.4381, 0.3974, 0.3904], 'validation_accuracy': [0.7895, 0.8421, 0.8947, 0.8947, 0.8947, 0.8947, 0.8947, 0.8947, 0.9474, 0.9474, 0.9474, 0.9474, 0.9474, 0.9474, 0.9474]}

    _1e_4__1e_2 = {'train_loss': [1.3971, 0.4676, 0.4559, 0.4111, 0.4032, 0.377, 0.3284, 0.2739, 0.2586, 0.2349, 0.198, 0.1628, 0.1343, 0.1188, 0.0899], 'train_accuracy': [0.4872, 0.9487, 0.9487, 0.9359, 0.9231, 0.9359, 0.9487, 0.9615, 0.9615, 0.9744, 0.9744, 0.9744, 0.9744, 0.9872, 0.9872], 'validation_loss': [1.0563, 0.9941, 0.9163, 0.873, 0.778, 0.6619, 0.5566, 0.5536, 0.5723, 0.5233, 0.4663, 0.4261, 0.3855, 0.3432, 0.3118], 'validation_accuracy': [0.7895, 0.8947, 0.8947, 0.8947, 0.8947, 0.8947, 0.9474, 0.9474, 0.9474, 0.9474, 0.9474, 0.9474, 0.9474, 0.9474, 0.9474]}
    _1e_4__5e_3 = {'train_loss': [1.5364, 0.6157, 0.5292, 0.4781, 0.4643, 0.4192, 0.3763, 0.3125, 0.2487, 0.2328, 0.1824, 0.1747, 0.1637, 0.1231, 0.1051], 'train_accuracy': [0.5641, 0.8974, 0.9359, 0.9359, 0.9359, 0.9231, 0.9231, 0.9359, 0.9615, 0.9744, 0.9744, 0.9744, 0.9744, 0.9872, 0.9872], 'validation_loss': [1.2674, 1.3594, 1.2335, 1.1425, 1.0617, 0.9433, 0.7491, 0.6022, 0.5551, 0.4897, 0.3997, 0.3583, 0.3678, 0.4178, 0.3872], 'validation_accuracy': [0.7895, 0.8421, 0.8947, 0.8947, 0.8947, 0.8947, 0.8947, 0.9474, 0.9474, 0.9474, 0.9474, 0.9474, 0.9474, 0.9474, 0.9474]}
    _1e_4__5e_4 = {'train_loss': [1.611, 0.5187, 0.4803, 0.4959, 0.4423, 0.3985, 0.3715, 0.2966, 0.247, 0.2258, 0.2002, 0.1678, 0.1391, 0.1148, 0.0803], 'train_accuracy': [0.5256, 0.9103, 0.9359, 0.9359, 0.9231, 0.9359, 0.9359, 0.9487, 0.9615, 0.9615, 0.9744, 0.9872, 0.9872, 0.9872, 0.9872], 'validation_loss': [1.0153, 1.1123, 1.0994, 1.0762, 1.027, 0.9331, 0.8006, 0.6663, 0.5642, 0.4849, 0.4153, 0.4, 0.3799, 0.3633, 0.3572], 'validation_accuracy': [0.7895, 0.8421, 0.8947, 0.8947, 0.8947, 0.8947, 0.8947, 0.8947, 0.9474, 0.9474, 0.9474, 0.9474, 0.9474, 0.9474, 0.9474]}
    _1e_4__5e_5 = {'train_loss': [1.2851, 0.5319, 0.4415, 0.404, 0.3779, 0.3442, 0.2911, 0.2573, 0.2147, 0.1786, 0.1516, 0.123, 0.1252, 0.0977, 0.0647], 'train_accuracy': [0.5641, 0.9103, 0.9487, 0.9359, 0.9231, 0.9359, 0.9487, 0.9615, 0.9744, 0.9744, 0.9744, 0.9872, 0.9872, 0.9872, 0.9872], 'validation_loss': [1.114, 1.0253, 0.9189, 0.8342, 0.6944, 0.5579, 0.5085, 0.5127, 0.4985, 0.4833, 0.4517, 0.3799, 0.3241, 0.3268, 0.3046], 'validation_accuracy': [0.7895, 0.8421, 0.8947, 0.8947, 0.8947, 0.9474, 0.9474, 0.9474, 0.9474, 0.9474, 0.9474, 0.9474, 0.9474, 0.9474, 0.9474]}

    _2e_4__1e_2 = {'train_loss': [1.6267, 0.4795, 0.4907, 0.4967, 0.3609, 0.24, 0.2443, 0.1926, 0.1131, 0.0862, 0.0721, 0.0369, 0.0133, 0.0064, 0.0007], 'train_accuracy': [0.4872, 0.9359, 0.9231, 0.9103, 0.9359, 0.9615, 0.9744, 0.9744, 0.9872, 0.9872, 0.9872, 1.0, 1.0, 1.0, 1.0], 'validation_loss': [1.1199, 1.1513, 1.1453, 0.9793, 0.6607, 0.5256, 0.5298, 0.3937, 0.3129, 0.2226, 0.1538, 0.1398, 0.09, 0.0137, 0.0015], 'validation_accuracy': [0.7895, 0.8947, 0.8947, 0.8947, 0.8947, 0.9474, 0.9474, 0.9474, 0.9474, 0.9474, 0.9474, 0.9474, 1.0, 1.0, 1.0]}
    _2e_4__5e_3 = {'train_loss': [1.5344, 0.5039, 0.4925, 0.3938, 0.3568, 0.381, 0.2111, 0.1477, 0.1578, 0.1186, 0.0721, 0.0546, 0.0358, 0.0096, 0.0018], 'train_accuracy': [0.5, 0.9359, 0.9231, 0.9231, 0.9487, 0.9231, 0.9744, 0.9872, 0.9615, 0.9872, 0.9872, 0.9872, 0.9872, 1.0, 1.0], 'validation_loss': [1.2922, 1.0619, 0.9025, 0.6191, 0.7811, 0.6382, 0.4427, 0.3456, 0.315, 0.3418, 0.3307, 0.2374, 0.0972, 0.0137, 0.0022], 'validation_accuracy': [0.7895, 0.8947, 0.8947, 0.9474, 0.8947, 0.8947, 0.9474, 0.9474, 0.9474, 0.9474, 0.9474, 0.9474, 0.9474, 1.0, 1.0]}
    _2e_4__5e_4 = {'train_loss': [1.1857, 0.5647, 0.5991, 0.4839, 0.3991, 0.3246, 0.2249, 0.1665, 0.1441, 0.0858, 0.0651, 0.0248, 0.0144, 0.0044, 0.0003], 'train_accuracy': [0.5256, 0.9359, 0.8974, 0.9231, 0.9359, 0.9487, 0.9744, 0.9744, 0.9872, 0.9872, 0.9872, 1.0, 1.0, 1.0, 1.0], 'validation_loss': [1.3259, 1.2196, 1.2175, 1.1047, 0.846, 0.6213, 0.4426, 0.3136, 0.2756, 0.1922, 0.1442, 0.085, 0.0139, 0.0015, 0.0003], 'validation_accuracy': [0.7895, 0.8947, 0.8947, 0.8947, 0.8947, 0.9474, 0.9474, 0.9474, 0.9474, 0.9474, 0.9474, 1.0, 1.0, 1.0, 1.0]}
    _2e_4__5e_5 = {'train_loss': [1.4666, 0.4736, 0.5216, 0.4357, 0.3238, 0.3305, 0.177, 0.1608, 0.121, 0.0569, 0.0588, 0.0384, 0.0136, 0.0008, 0.0003], 'train_accuracy': [0.5, 0.9359, 0.9231, 0.9231, 0.9359, 0.9487, 0.9744, 0.9744, 0.9744, 0.9872, 0.9872, 0.9872, 1.0, 1.0, 1.0], 'validation_loss': [1.178, 1.2086, 1.0705, 0.7463, 0.6195, 0.5398, 0.3884, 0.3067, 0.316, 0.3401, 0.2743, 0.1549, 0.0193, 0.0015, 0.0003], 'validation_accuracy': [0.8421, 0.8947, 0.8947, 0.8947, 0.9474, 0.9474, 0.9474, 0.9474, 0.9474, 0.9474, 0.9474, 0.9474, 1.0, 1.0, 1.0]}

    _25e_5__1e_2 = {'train_loss': [1.1737, 0.5823, 0.593, 0.4725, 0.3184, 0.3236, 0.2213, 0.1803, 0.0959, 0.1017, 0.0796, 0.0129, 0.0023, 0.0044, 0.003], 'train_accuracy': [0.5769, 0.9487, 0.9231, 0.9231, 0.9615, 0.9359, 0.9744, 0.9615, 0.9872, 0.9872, 0.9872, 1.0, 1.0, 1.0, 1.0], 'validation_loss': [1.5717, 1.3588, 1.1545, 0.5646, 0.6477, 0.3517, 0.3327, 0.4463, 0.4973, 0.4708, 0.3241, 0.1293, 0.0069, 0.0008, 0.0003], 'validation_accuracy': [0.8421, 0.8947, 0.8947, 0.9474, 0.8947, 0.9474, 0.9474, 0.9474, 0.9474, 0.9474, 0.9474, 0.9474, 1.0, 1.0, 1.0]}
    _25e_5__5e_3 = {'train_loss': [1.2732, 0.5665, 0.5832, 0.4371, 0.3167, 0.1905, 0.165, 0.104, 0.1083, 0.0681, 0.0309, 0.0011, 0.0016, 0.002, 0.0027], 'train_accuracy': [0.5385, 0.9359, 0.8974, 0.9231, 0.9487, 0.9744, 0.9744, 0.9872, 0.9872, 0.9872, 0.9872, 1.0, 1.0, 1.0, 1.0], 'validation_loss': [1.3962, 1.3095, 1.2449, 1.0119, 0.6028, 0.3264, 0.2699, 0.3814, 0.3462, 0.1704, 0.0056, 0.0007, 0.0005, 0.0005, 0.0003], 'validation_accuracy': [0.7895, 0.8947, 0.8947, 0.8947, 0.9474, 0.9474, 0.9474, 0.9474, 0.9474, 0.9474, 1.0, 1.0, 1.0, 1.0, 1.0]}
    _25e_5__5e_4 = {'train_loss': [1.5073, 0.5405, 0.4518, 0.3469, 0.2132, 0.1645, 0.1196, 0.0701, 0.0403, 0.0237, 0.0009, 0.0015, 0.0002, 0.0002, 0.0001], 'train_accuracy': [0.5128, 0.9231, 0.9231, 0.9231, 0.9615, 0.9744, 0.9872, 0.9872, 0.9872, 1.0, 1.0, 1.0, 1.0, 1.0, 1.0], 'validation_loss': [1.2095, 1.0219, 0.9157, 0.7184, 0.4904, 0.312, 0.2008, 0.2002, 0.1375, 0.0057, 0.0003, 0.0001, 0.0, 0.0, 0.0], 'validation_accuracy': [0.8421, 0.8947, 0.8947, 0.8947, 0.9474, 0.9474, 0.9474, 0.9474, 0.9474, 1.0, 1.0, 1.0, 1.0, 1.0, 1.0]}
    _25e_5__5e_5 = {'train_loss': [1.3438, 0.6425, 0.551, 0.5772, 0.4334, 0.2131, 0.1579, 0.1774, 0.1363, 0.0506, 0.036, 0.0161, 0.004, 0.0023, 0.0002], 'train_accuracy': [0.5513, 0.9231, 0.9359, 0.8846, 0.9359, 0.9615, 0.9744, 0.9744, 0.9744, 0.9872, 0.9872, 1.0, 1.0, 1.0, 1.0], 'validation_loss': [1.7391, 1.4361, 1.2916, 1.1554, 0.8496, 0.4824, 0.4113, 0.3497, 0.2432, 0.1459, 0.0199, 0.0032, 0.0007, 0.0002, 0.0001], 'validation_accuracy': [0.7895, 0.8421, 0.8947, 0.8947, 0.8947, 0.9474, 0.9474, 0.9474, 0.9474, 0.9474, 1.0, 1.0, 1.0, 1.0, 1.0]}

    _5e_4__1e_2 = {'train_loss': [1.2659, 1.1294, 0.6579, 0.6385, 0.4764, 0.367, 0.2169, 0.1074, 0.0451, 0.0176, 0.0188, 0.0103, 0.0037, 0.0016, 0.0007], 'train_accuracy': [0.859, 0.8077, 0.9487, 0.9359, 0.9615, 0.9615, 0.9744, 0.9872, 0.9872, 1.0, 1.0, 1.0, 1.0, 1.0, 1.0], 'validation_loss': [1.3211, 1.3165, 1.7115, 1.5616, 1.1541, 0.6109, 0.3358, 0.1111, 0.0186, 0.0175, 0.0107, 0.0041, 0.0016, 0.0007, 0.0004], 'validation_accuracy': [0.8947, 0.8947, 0.8421, 0.8421, 0.8421, 0.9474, 0.9474, 0.9474, 1.0, 1.0, 1.0, 1.0, 1.0, 1.0, 1.0]}
    _5e_4__5e_3 = {'train_loss': [1.2486, 1.1643, 0.5486, 0.8043, 0.5146, 0.4441, 0.3018, 0.1738, 0.0393, 0.0122, 0.0126, 0.0131, 0.0086, 0.0043, 0.0026], 'train_accuracy': [0.7308, 0.7949, 0.9487, 0.9231, 0.9615, 0.9615, 0.9615, 0.9744, 0.9872, 1.0, 1.0, 1.0, 1.0, 1.0, 1.0], 'validation_loss': [1.1971, 1.2089, 2.0503, 2.1293, 1.5856, 1.1209, 0.7136, 0.2843, 0.0744, 0.0148, 0.0088, 0.0062, 0.0038, 0.0023, 0.0015], 'validation_accuracy': [0.8947, 0.8947, 0.7895, 0.7895, 0.8421, 0.8947, 0.8947, 0.9474, 1.0, 1.0, 1.0, 1.0, 1.0, 1.0, 1.0]}
    _5e_4__5e_4 = {'train_loss': [1.4944, 0.5516, 0.3538, 0.2373, 0.1621, 0.0764, 0.0123, 0.0008, 0.0004, 0.0003, 0.0002, 0.0002, 0.0001, 0.0001, 0.0001], 'train_accuracy': [0.5128, 0.9359, 0.9615, 0.9744, 0.9615, 0.9744, 1.0, 1.0, 1.0, 1.0, 1.0, 1.0, 1.0, 1.0, 1.0], 'validation_loss': [1.1051, 0.6182, 0.6263, 0.5058, 0.2062, 0.0705, 0.0015, 0.0004, 0.0002, 0.0002, 0.0001, 0.0001, 0.0001, 0.0001, 0.0001], 'validation_accuracy': [0.8947, 0.9474, 0.9474, 0.9474, 0.9474, 1.0, 1.0, 1.0, 1.0, 1.0, 1.0, 1.0, 1.0, 1.0, 1.0]}
    _5e_4__5e_5 = {'train_loss': [1.8586, 0.3991, 1.0268, 0.716, 0.5073, 0.4488, 0.3389, 0.1644, 0.0722, 0.0137, 0.0032, 0.0048, 0.0066, 0.0041, 0.002], 'train_accuracy': [0.5385, 0.9359, 0.8077, 0.9231, 0.9615, 0.9615, 0.9615, 0.9744, 0.9872, 1.0, 1.0, 1.0, 1.0, 1.0, 1.0], 'validation_loss': [1.0513, 1.5842, 1.0897, 1.3705, 1.2198, 1.0682, 0.6796, 0.3853, 0.0911, 0.0039, 0.0022, 0.0026, 0.0023, 0.0016, 0.0011], 'validation_accuracy': [0.8947, 0.6316, 0.8947, 0.8421, 0.8947, 0.8947, 0.8947, 0.9474, 1.0, 1.0, 1.0, 1.0, 1.0, 1.0, 1.0]}

    # plot_training(plot_data1=_5e_5__1e_2,plot_data2=_8e_5__1e_2,plot_data3=_1e_4__1e_2,plot_data4=_2e_4__1e_2,plot_data5=_25e_5__1e_2,plot_data6=_5e_4__1e_2,epochs_count=15,const_lr=False,titel="1e-2")
    # plot_training(plot_data1=_5e_5__5e_3, plot_data2=_8e_5__5e_3, plot_data3=_1e_4__5e_3, plot_data4=_2e_4__5e_3, plot_data5=_25e_5__5e_3, plot_data6=_5e_4__5e_3, epochs_count=15,const_lr=False,titel="5e-3")
    # plot_training(plot_data1=_5e_5__5e_4, plot_data2=_8e_5__5e_4, plot_data3=_1e_4__5e_4, plot_data4=_2e_4__5e_4, plot_data5=_25e_5__5e_4, plot_data6=_5e_4__5e_4, epochs_count=15,const_lr=False,titel="5e-4")
    # plot_training(plot_data1=_5e_5__5e_5, plot_data2=_8e_5__5e_5, plot_data3=_1e_4__5e_5, plot_data4=_2e_4__5e_5, plot_data5=_25e_5__5e_5, plot_data6=_5e_4__5e_5, epochs_count=15,const_lr=False,titel="5e-5")

    print(plot_training(plot_data2=_5e_5__1e_2, plot_data3=_5e_5__5e_3, plot_data5=_5e_5__5e_4, plot_data6=_5e_5__5e_5, epochs_count=15, const_lr=True, titel="5e-5"))

    # plist = [
    #     plot_training(plot_data2=_5e_5__1e_2, plot_data3=_5e_5__5e_3, plot_data5=_5e_5__5e_4, plot_data6=_5e_5__5e_5, epochs_count=15, const_lr=True, titel="5e-5"),
    #     plot_training(plot_data2=_8e_5__1e_2, plot_data3=_8e_5__5e_3, plot_data5=_8e_5__5e_4, plot_data6=_8e_5__5e_5, epochs_count=15, const_lr=True, titel="8e-5"),
    #     plot_training(plot_data2=_1e_4__1e_2, plot_data3=_1e_4__5e_3, plot_data5=_1e_4__5e_4, plot_data6=_1e_4__5e_5, epochs_count=15, const_lr=True, titel="1e-4"),
    #     plot_training(plot_data2=_2e_4__1e_2, plot_data3=_2e_4__5e_3, plot_data5=_2e_4__5e_4, plot_data6=_2e_4__5e_5, epochs_count=15, const_lr=True, titel="2e-4"),
    #     plot_training(plot_data2=_25e_5__1e_2, plot_data3=_25e_5__5e_3, plot_data5=_25e_5__5e_4, plot_data6=_25e_5__5e_5, epochs_count=15, const_lr=True, titel="25e-5"),
    #     plot_training(plot_data2=_5e_4__1e_2, plot_data3=_5e_4__5e_3, plot_data5=_5e_4__5e_4, plot_data6=_5e_4__5e_5, epochs_count=15, const_lr=True, titel="5e-4")
    # ]
